72
112
100
70
100
119
100
53
51
51
53
38
0
101
100
113
100
113
100
77
114
104
36
53
51
51
53
0
102
114
102
117
108
118
49
68
113
100
60
60
40
0
85
114
123
100
113
100
83
51
60
36
0
115
114
115
76
82
81
51
39
0
76
114
113
104
118
102
120
72
103
124
58
45
0
68
103
108
113
100
113
100
69
100
117
101
54
55
66
0
73
111
114
117
108
41
54
55
102
70
0
80
100
117
108
55
56
67
106
100
121
0
80
100
106
103
100
53
51
38
53
51
0
